======================================================================
RESNET50 MODEL - VALIDATION REPORT
======================================================================
Generated: 2025-10-22 15:07:56.341200
Model File: ResNet_Model.h5

OVERALL (WEIGHTED) METRICS:
----------------------------------------
Accuracy:  0.2369
Precision: 0.2520
Recall:    0.2369
F1-Score:  0.2184

PER-CLASS METRICS (One-vs-All):
----------------------------------------
Class                     TP       TN       FP       FN      
----------------------------------------------------------------------
Baked_potato              3        1311     11       47      
Crispy_chicken            4        1300     22       46      
Donut                     5        1278     44       45      
Fries                     2        1309     12       49      
Hot_Dog                   12       1301     21       38      
Sandwich                  15       1275     47       35      
Taco                      8        1287     35       42      
Taquito                   6        1311     11       44      
apple_pie                 10       1265     57       40      
burger                    20       1290     52       10      
butter_naan               15       1234     106      17      
chai                      9        1313     19       31      
chapati                   13       1288     45       26      
cheesecake                14       1297     25       36      
chicken_curry             13       1295     27       37      
chole_bhature             12       1289     35       36      
dal_makhani               16       1302     37       17      
dhokla                    3        1338     9        22      
fried_rice                22       1295     42       13      
ice_cream                 4        1309     13       46      
idli                      15       1255     87       15      
jalebi                    15       1322     21       14      
kadai_paneer              15       1291     48       18      
kathi_rolls               4        1331     13       24      
kulfi                     0        1348     3        21      
masala_dosa               6        1293     52       21      
momos                     16       1283     57       16      
omlette                   9        1297     25       41      
paani_puri                0        1350     0        22      
pakode                    4        1321     8        39      
pav_bhaji                 9        1316     10       37      
pizza                     16       1310     21       25      
samosa                    2        1330     5        35      
sushi                     8        1295     27       42      

======================================================================
CONFUSION MATRIX (34x34):
======================================================================
[[ 3,  1,  8,  1,  0,  5,  1,  1,  1,  3,  9,  0,  3,  0,  0,  0,  1,  0,
   0,  0,  0,  0,  4,  0,  0,  1,  3,  1,  0,  0,  0,  2,  0,  2],
 [ 1,  4,  3,  1,  0,  4,  3,  0,  1,  2,  9,  0,  2,  0,  0,  1,  0,  1,
   4,  2,  2,  2,  2,  1,  0,  0,  0,  2,  0,  1,  1,  1,  0,  0],
 [ 1,  2,  5,  0,  1,  6,  1,  2,  8,  2,  8,  0,  2,  1,  0,  2,  0,  0,
   0,  1,  2,  2,  0,  1,  0,  1,  0,  1,  0,  0,  0,  1,  0,  0],
 [ 0,  0,  3,  2,  3,  3,  2,  0,  3,  4,  8,  2,  0,  0,  0,  1,  4,  1,
   4,  0,  1,  1,  0,  1,  1,  0,  3,  0,  0,  1,  0,  2,  0,  1],
 [ 4,  0,  4,  0, 12,  4,  3,  1,  0,  3,  3,  0,  0,  3,  0,  0,  1,  0,
   0,  0,  0,  0,  3,  0,  0,  1,  5,  0,  0,  1,  0,  2,  0,  0],
 [ 0,  2,  0,  0,  0, 15,  2,  1,  1,  6,  5,  1,  1,  1,  0,  1,  2,  0,
   3,  0,  0,  5,  0,  1,  0,  1,  1,  0,  0,  0,  0,  1,  0,  0],
 [ 1,  1,  3,  0,  4,  1,  8,  1,  2,  5,  4,  1,  3,  1,  0,  0,  3,  2,
   1,  0,  2,  2,  0,  0,  0,  0,  2,  0,  0,  1,  1,  0,  0,  1],
 [ 0,  3,  3,  3,  3,  7,  3,  6,  0,  1,  5,  0,  1,  2,  0,  0,  1,  0,
   4,  0,  1,  0,  0,  0,  1,  0,  3,  1,  0,  0,  0,  0,  1,  1],
 [ 1,  0,  0,  0,  0,  4,  0,  0, 10,  1,  3,  0,  2,  1,  8,  1,  0,  0,
   0,  3,  5,  0,  0,  0,  0,  1,  2,  6,  0,  0,  0,  0,  0,  2],
 [ 0,  2,  2,  0,  0,  0,  1,  0,  0, 20,  2,  0,  0,  0,  0,  0,  0,  0,
   0,  0,  1,  0,  0,  1,  0,  0,  1,  0,  0,  0,  0,  0,  0,  0],
 [ 1,  1,  1,  1,  0,  0,  2,  0,  0,  0, 15,  0,  3,  0,  0,  0,  2,  0,
   1,  1,  0,  0,  1,  0,  0,  0,  1,  1,  0,  0,  0,  0,  1,  0],
 [ 0,  0,  2,  0,  1,  1,  0,  0,  2,  4,  0,  9,  0,  2,  1,  3,  0,  0,
   0,  1,  9,  0,  1,  0,  0,  3,  1,  0,  0,  0,  0,  0,  0,  0],
 [ 0,  0,  1,  0,  0,  1,  0,  0,  2,  0,  8,  0, 13,  0,  1,  1,  0,  0,
   1,  1,  6,  1,  2,  0,  0,  1,  0,  0,  0,  0,  0,  0,  0,  0],
 [ 0,  1,  1,  0,  0,  0,  0,  0,  8,  1,  1,  2,  1, 14,  2,  1,  0,  0,
   0,  2,  9,  0,  0,  1,  0,  1,  3,  0,  0,  0,  0,  0,  0,  2],
 [ 0,  2,  0,  0,  0,  3,  0,  1,  3,  1,  1,  1,  2,  1, 13,  3,  2,  1,
   1,  1,  1,  0,  3,  0,  0,  5,  0,  2,  0,  0,  0,  1,  0,  2],
 [ 0,  0,  2,  0,  0,  0,  1,  0,  0,  1,  0,  1,  1,  1,  0, 12,  3,  0,
   0,  0,  9,  1,  1,  2,  0,  6,  0,  1,  0,  1,  3,  0,  0,  2],
 [ 0,  0,  1,  0,  0,  0,  0,  0,  0,  0,  2,  0,  1,  0,  2,  0, 16,  0,
   3,  0,  0,  1,  4,  0,  0,  0,  2,  0,  0,  0,  1,  0,  0,  0],
 [ 0,  0,  1,  0,  3,  0,  0,  0,  0,  0,  3,  0,  0,  0,  0,  0,  0,  3,
   3,  0,  0,  0,  4,  0,  0,  0,  3,  1,  0,  0,  1,  1,  1,  1],
 [ 0,  0,  0,  0,  0,  0,  2,  0,  1,  0,  4,  0,  1,  0,  0,  0,  1,  0,
  22,  0,  0,  0,  1,  0,  0,  0,  0,  0,  0,  0,  0,  3,  0,  0],
 [ 0,  0,  3,  0,  1,  1,  1,  1,  6,  2,  4,  6,  3,  5,  1,  0,  0,  0,
   0,  4,  3,  0,  0,  0,  1,  3,  3,  0,  0,  0,  0,  0,  0,  2],
 [ 0,  0,  0,  0,  0,  2,  0,  0,  0,  0,  0,  1,  2,  0,  0,  2,  1,  0,
   0,  0, 15,  0,  0,  1,  0,  4,  1,  0,  0,  1,  0,  0,  0,  0],
 [ 0,  0,  0,  1,  0,  0,  1,  0,  0,  1,  0,  0,  1,  0,  1,  0,  0,  0,
   2,  0,  1, 15,  5,  0,  0,  0,  0,  0,  0,  0,  1,  0,  0,  0],
 [ 0,  2,  0,  0,  0,  0,  1,  0,  0,  1,  2,  1,  0,  0,  0,  0,  4,  0,
   1,  0,  0,  3, 15,  0,  0,  1,  0,  0,  0,  0,  0,  2,  0,  0],
 [ 0,  2,  0,  1,  1,  0,  1,  0,  0,  3,  3,  2,  0,  0,  0,  2,  1,  0,
   0,  0,  1,  0,  1,  4,  0,  1,  4,  0,  0,  0,  1,  0,  0,  0],
 [ 0,  0,  1,  0,  2,  0,  0,  0,  1,  1,  1,  0,  0,  0,  1,  0,  0,  1,
   0,  0,  8,  0,  0,  0,  0,  2,  1,  0,  0,  0,  0,  0,  0,  2],
 [ 0,  0,  1,  0,  0,  0,  0,  0,  0,  1,  0,  0,  1,  0,  1,  8,  1,  0,
   0,  0,  5,  0,  1,  1,  0,  6,  1,  0,  0,  0,  0,  0,  0,  0],
 [ 0,  0,  0,  3,  0,  1,  0,  0,  0,  0,  1,  0,  0,  0,  0,  0,  0,  0,
   0,  1,  6,  0,  0,  0,  0,  1, 16,  0,  0,  0,  0,  0,  0,  3],
 [ 1,  0,  0,  0,  0,  0,  0,  0,  6,  0,  7,  0,  5,  0,  6,  0,  2,  1,
   0,  0,  3,  0,  0,  1,  0,  6,  1,  9,  0,  0,  0,  0,  0,  2],
 [ 0,  0,  0,  0,  0,  1,  1,  1,  1,  0,  1,  1,  1,  0,  1,  2,  0,  0,
   0,  0,  3,  0,  0,  0,  0,  1,  3,  1,  0,  1,  0,  0,  1,  2],
 [ 0,  2,  0,  1,  0,  0,  2,  1,  0,  1,  6,  0,  4,  0,  1,  2,  1,  1,
   1,  0,  0,  1,  4,  0,  0,  2,  4,  3,  0,  4,  0,  2,  0,  0],
 [ 0,  0,  0,  0,  1,  0,  0,  0,  0,  3,  2,  0,  2,  0,  0,  0,  7,  0,
   5,  0,  1,  2,  7,  1,  0,  2,  2,  0,  0,  0,  9,  2,  0,  0],
 [ 0,  0,  3,  0,  1,  1,  6,  0,  1,  3,  0,  0,  0,  0,  0,  0,  0,  0,
   6,  0,  0,  0,  4,  0,  0,  0,  0,  0,  0,  0,  0, 16,  0,  0],
 [ 1,  1,  0,  0,  0,  2,  1,  1,  0,  1,  0,  0,  1,  2,  0,  4,  0,  0,
   2,  0,  5,  0,  0,  0,  0,  6,  3,  1,  0,  1,  1,  0,  2,  2],
 [ 0,  0,  1,  0,  0,  0,  0,  0, 10,  1,  4,  0,  2,  5,  1,  1,  0,  1,
   0,  0,  3,  0,  0,  1,  0,  2,  4,  4,  0,  0,  0,  1,  1,  8]]